   2.0000000e+00   1.2106670e+00   1.3342995e+00   2.1690687e-01  -1.5096949e+00   6.4954554e-01  -1.8695068e+00   7.8792028e-01  -2.3100980e+00  -1.3549654e+00  -8.5052540e-01
   2.0000000e+00   8.4611997e-01  -5.0539402e-01   5.6083120e-01  -5.9046085e-01  -8.8017453e-03   2.4095779e+00  -8.6964700e-01   6.4143428e-01   9.4424592e-01   1.3725613e+00
   2.0000000e+00   9.1913117e-02  -1.2490044e+00   1.6377396e-01  -2.4146719e-01   1.3690091e+00  -8.7699007e-01   8.1390860e-01  -2.8028022e-01  -1.4905047e+00  -6.7944016e-01
   2.0000000e+00   1.5642529e+00   6.6607082e-01  -1.3544564e+00   1.1092174e-01   9.9192881e-01  -1.1402342e+00  -1.2471544e+00   1.1944661e+00   1.8037793e+00  -1.5521259e+00
   2.0000000e+00  -1.0313280e-02   2.8074636e-02  -7.9436597e-01   1.0421844e+00   7.0137215e-01  -1.7928612e+00   1.9722367e+00   3.9074483e-01   3.5253442e-01   5.0581289e-01
   2.0000000e+00   1.4460557e+00  -3.7340125e-01   6.7398748e-02   1.6802795e+00   9.9075190e-01   9.3559428e-01  -3.3234128e-02   2.4616990e+00  -5.6553137e-02  -1.1524696e+00
   1.0000000e+00  -4.6139857e-01  -7.7370862e-02   1.1159042e+00   4.7096121e-01   6.4238635e-01  -2.0725487e+00  -8.0237799e-01  -2.1277248e+00   6.3447649e-01   5.9152729e-01
   2.0000000e+00  -2.0834562e+00  -2.8141275e-01   2.5268579e-01  -9.9260011e-01   1.0543803e+00  -7.7346491e-01   9.1734353e-01   1.5769531e-01  -8.2291117e-01  -5.9609087e-01
   2.0000000e+00  -9.1498292e-01  -1.9387945e+00  -1.8399385e-01   6.5708833e-01   1.2437322e+00  -2.2167465e+00   2.8799630e+00   2.1415190e+00  -1.0611074e+00   6.0574492e-01
   2.0000000e+00   1.1043705e+00  -1.1113645e+00  -5.3722550e-01   9.0080109e-02  -1.5500424e+00   1.2314916e+00  -1.1677882e+00  -1.3693060e+00  -1.2778964e+00  -1.0354160e+00
   2.0000000e+00  -1.0759879e+00  -6.7822187e-01  -1.9387452e+00   1.3173967e+00   8.0138235e-01   4.0092990e-01   1.1306348e+00  -4.7488309e-01   6.7508508e-01   2.6494937e-03
   2.0000000e+00  -3.0878960e+00  -4.6792036e-02   4.6367508e-01   1.0523972e+00   2.1524489e+00   8.1434714e-01   3.8729440e-01  -6.4359660e-01  -3.2806580e-01  -4.0739753e-01
   2.0000000e+00  -4.8878879e-01  -3.6554662e-01  -2.7228932e-01  -1.0573605e+00  -5.1609307e-01   9.2656265e-01   9.2498922e-01  -8.8666094e-01  -1.6802244e-01   1.6628642e-01
   2.0000000e+00   9.4355885e-01  -5.8392597e-01   9.1865661e-01  -5.4801589e-01   1.4144479e-01   5.5877122e-01   4.8492937e-01   8.6253274e-01   4.9154350e-01  -5.6132754e-02
   2.0000000e+00  -3.0615640e-01   9.9931273e-01  -5.3980884e-01  -8.5478458e-01   9.7974778e-01   8.9101239e-01   9.8424103e-01  -3.6946359e-01  -2.2551405e-01   7.1882781e-01
   2.0000000e+00   1.6254949e+00   1.8633394e+00  -3.9010700e-01  -1.0383261e+00  -5.5019163e-01  -3.1773996e-01   2.7251578e-03   1.3100056e+00   1.2250368e+00  -2.3576245e-01
   2.0000000e+00   6.6009103e-01   1.4391991e+00  -2.4157592e-01   2.5776141e+00  -7.6645997e-01  -6.3219107e-02  -1.0295660e+00  -1.3520751e+00  -2.8958340e-01   1.5934633e-01
   2.0000000e+00  -2.1699819e+00   1.0278496e+00  -4.8405096e-01   1.0828734e+00   1.1129148e+00  -1.4291405e+00   7.5789660e-01   1.6886940e+00   2.5679498e-01  -7.8223941e-01
   1.0000000e+00  -8.9277321e-01   5.1377829e-01  -1.6713382e+00   3.6765870e-01  -8.0810041e-01   6.1923535e-02  -1.7008437e-01  -5.3381247e-01   2.0174655e+00  -3.9524754e-01
   2.0000000e+00   1.2390243e+00  -1.3573266e-01   1.6602863e+00   4.1717787e-02   2.7388349e-01   4.6621017e-01  -4.3748294e-01   8.7234567e-02   2.9159616e-01   1.4081695e+00
   2.0000000e+00  -2.4018760e-01   4.1664219e-01   2.1848789e+00  -5.6333105e-01  -3.7419327e-01   7.5438904e-02  -4.5459769e-01   9.9009296e-02   1.2342613e+00   3.2890855e-01
   2.0000000e+00  -1.1538222e+00  -5.6305664e-01  -1.4270296e+00   1.1630099e+00  -8.9563766e-01  -5.2578031e-01   1.3841693e-01  -5.5489721e-01  -4.4333714e-01   2.5189641e-01
   1.0000000e+00  -5.4697077e-01   1.0172320e-01  -1.0044051e+00   4.7668657e-01  -3.2079607e-03   1.0199641e+00   3.3365993e-01  -3.3998675e-01   3.1899902e-01  -8.8987933e-02
   2.0000000e+00   1.2533369e+00  -3.2275262e-01  -8.4790446e-01  -1.6220833e+00  -4.3047281e-01  -1.5862234e+00  -7.2412458e-01   2.6817193e-01   8.9285229e-01  -6.7631311e-01
   2.0000000e+00  -3.4461456e-01  -1.8548479e+00  -8.9774298e-01   2.1941306e+00   4.4315656e-01  -1.4900471e+00  -2.9052899e-01  -9.0813420e-01  -1.0190270e+00   9.1183646e-01
   2.0000000e+00  -1.3504283e+00   5.4060410e-02   5.1904780e-02  -1.5340227e-01   1.6305318e+00   6.1106694e-01  -4.1996490e-01  -8.8185801e-01   2.8582477e-01  -5.3034875e-01
   1.0000000e+00   4.7590321e-01  -2.5277603e-01   4.6346588e-01   5.5304147e-01   3.7091438e-01   1.1947871e-01   4.9067521e-01  -1.1526263e+00   3.4860040e-01   1.8416947e+00
   2.0000000e+00  -1.5798657e+00  -1.3483214e+00  -4.2250169e-01   1.1053256e+00  -1.5250055e-01  -1.5202800e+00  -6.9325506e-01   9.8759717e-01   4.5246272e-01   9.4411001e-02
   2.0000000e+00   1.1011861e+00   7.1995720e-01  -5.8344973e-01   1.7996155e+00   2.5461237e+00  -2.4757036e-01  -4.8008956e-01  -2.6484318e-01   4.2466589e-01  -1.2257593e-02
   2.0000000e+00  -5.3421997e-02  -5.9990441e-01   1.2908542e+00  -2.1785830e-01  -1.0435579e+00  -1.8825360e-01   1.2165927e+00  -5.2151397e-01   3.9793520e-01  -9.4765656e-01
   2.0000000e+00  -1.2585884e+00   1.7071469e+00  -3.2968175e-01   8.4105935e-01  -3.5768225e-01   9.0510159e-01   1.8022557e+00   7.7292516e-02  -5.5655470e-02   5.6832848e-01
   1.0000000e+00  -2.5790972e-01   1.1846463e+00  -1.6304495e+00   1.3114839e-01  -5.9105436e-01   8.2172829e-01  -2.0468971e-01  -1.1959651e-01  -3.0066070e-01  -1.7463336e+00
   2.0000000e+00  -1.9040495e-01   5.9576138e-02  -1.8243414e+00  -6.8738281e-01   1.3403792e+00   2.1598495e+00   1.0372733e+00   1.7865596e-01   1.5581413e+00   4.4878100e-01
   2.0000000e+00  -9.3588774e-01   1.5517460e+00  -8.6129897e-02  -2.5267134e-01   6.1198925e-01   4.6475404e-02  -2.0915142e-01   9.2300377e-01   1.7928977e-01   1.6381528e-01
   1.0000000e+00  -6.1038573e-01   5.8214366e-01   1.6071703e-01   2.6673807e-01  -1.2308710e-01  -2.1885196e+00   4.7479597e-01   1.6351640e+00  -1.1249070e+00  -5.1445891e-01
   2.0000000e+00  -1.6287032e+00   3.1809466e-01   1.9117917e+00   1.9856712e+00  -1.7173238e+00   7.1171342e-02  -1.7652839e-01   2.2723239e+00   2.1991924e-01   7.5428780e-01
   2.0000000e+00   4.3727673e-01   5.5423859e-01  -3.2291573e-01  -7.7948914e-01   1.2103696e+00   2.4681775e-01   5.2608176e-01  -5.6819663e-01  -8.4946067e-01   8.2238264e-02
   1.0000000e+00  -2.2219541e-01   2.3954928e+00  -3.0194640e-01   6.0290706e-02   1.0631442e+00   5.6640397e-01   9.7517159e-01  -1.5817317e+00   6.0621496e-01   9.9468496e-01
   2.0000000e+00  -5.7859619e-01   1.0468587e+00   4.3695434e-01   1.1093947e+00  -1.3276447e+00   3.8186941e-01   1.6217124e-01  -1.1860298e+00   3.6197819e-01  -9.2341229e-01
   2.0000000e+00   4.5403579e-01  -7.7010902e-01   5.5584416e-01   1.4579205e+00  -2.4992449e+00  -2.7248143e+00  -2.8397585e-01   1.3645524e+00   1.7221323e-03  -9.2788758e-01
   1.0000000e+00  -2.0860260e-01   1.9124975e+00  -2.8926328e-01   2.8827394e-01  -4.9877377e-01   5.6123459e-01   1.7593410e+00   3.4597275e-01  -4.9748586e-01  -3.5788235e-01
   2.0000000e+00   7.1654956e-01  -2.1890582e-01   3.8362633e-01  -7.7631587e-01   5.9291851e-01  -7.4713620e-01  -5.0632885e-01  -4.1902833e-01  -4.2373143e-01   2.7288991e+00
   2.0000000e+00   1.5652376e+00  -7.0314051e-02  -9.6510523e-01   1.6271288e-01   8.6220197e-01   4.8098122e-02  -6.6693303e-01  -1.4934101e-02   4.4831727e-01   1.0204296e+00
   2.0000000e+00  -2.6211829e+00  -5.9358823e-02  -3.7775647e-01   1.8825485e+00  -6.5977565e-01  -3.0629948e-01  -1.1595360e+00  -4.7125929e-01   2.9199939e-01   2.0131167e-02
   1.0000000e+00  -6.3610107e-01   1.5497613e+00  -4.9211610e-01   7.6588761e-01   5.0463272e-01  -6.2922280e-01  -3.6121474e-03  -1.3699081e+00   6.6654178e-01   7.1805175e-01
   2.0000000e+00  -4.0324816e-01  -1.4367686e+00  -2.8127155e-01  -2.4122057e+00  -6.3645749e-01  -1.0799826e+00  -3.5405678e-01  -9.3751952e-01   9.2444860e-01   1.2550316e+00
   1.0000000e+00  -2.9844691e-01   2.3275373e-01  -1.3888151e+00   9.4108474e-01  -3.0962359e-01  -4.3623227e-01  -8.5486225e-01   4.7150282e-01  -4.5624676e-01   3.2065382e-01
   1.0000000e+00  -8.7327334e-02  -5.1040520e-01  -7.7580064e-01   7.9545027e-01   1.2042126e+00  -2.3046220e-01   9.8967276e-01   8.1208603e-01   1.9396891e-01  -2.8111394e-01
   1.0000000e+00  -8.8735660e-01  -1.0038547e+00  -1.1744125e+00   1.5002779e-01   2.1855993e-01   8.4644279e-02  -3.6430612e-01  -1.3908568e+00  -3.6305373e-01  -7.5157584e-01
   2.0000000e+00   1.0196544e-01  -1.3257969e+00   2.3060787e-01  -7.5502236e-01   1.2053699e+00  -1.0886952e+00   1.5694661e-01  -4.5750447e-01  -1.9106039e-01  -5.6802861e-01
   2.0000000e+00  -6.0087930e-01   9.7597370e-01   2.8658177e-01  -9.6693588e-01   5.5058678e-01  -6.0004167e-01   1.5977083e-01   1.8914561e-02   1.4042368e+00   9.1482815e-01
   2.0000000e+00  -2.5538582e+00  -6.0762878e-02  -1.9013983e-01   1.6358479e+00  -8.6427920e-02  -1.2456922e+00   3.7517394e-01  -9.9698532e-01   5.6276472e-01   1.2775442e+00
   2.0000000e+00   1.7315196e+00  -7.7538927e-01  -8.6162433e-01  -4.1454034e-01  -5.2714637e-01   1.3745356e+00   7.1887659e-01  -1.2225869e+00  -7.0007412e-01   9.4066081e-01
   2.0000000e+00  -1.8557640e-01  -3.9017220e-01   3.5164775e-02  -1.2695833e+00  -1.3690134e+00  -2.4992837e-01   2.7083887e-01  -1.5374176e+00  -7.4699590e-01   1.0122863e+00
   2.0000000e+00   2.4960604e+00  -1.0809234e+00   6.6350631e-01   8.7727642e-01  -1.4783338e+00   3.0673288e-01  -4.2460302e-01   8.1405839e-01   5.8319703e-01   4.8451591e-01
   2.0000000e+00   4.4283671e-01  -2.2594193e-01  -1.2848631e+00  -1.1942809e+00  -1.6443092e+00  -7.6660560e-01  -8.9991798e-01  -7.7533563e-02  -4.4048311e-01   9.6588886e-01
   2.0000000e+00  -1.5502320e+00   1.0412471e+00   3.0810434e-01  -8.5803039e-01  -5.0386646e-01   4.8107621e-01   5.7029715e-01  -8.8854828e-01  -7.8467585e-02  -6.4610001e-01
   2.0000000e+00   4.4796461e-01   1.1364015e+00  -2.5841400e+00  -1.6887244e+00   1.5978398e+00  -1.6750866e-01   7.4132522e-01  -3.2115397e-01  -2.0381990e+00  -1.3212406e+00
   2.0000000e+00   5.2958315e-01  -3.2257649e-01   2.0155366e-01  -2.2370033e-01  -1.9638570e-01   6.7834388e-01  -2.4010637e-01  -1.1067099e-01   5.8897279e-01   9.5106457e-01
   2.0000000e+00   1.3085687e+00  -9.9023715e-01  -6.0971723e-01  -6.0415289e-02  -1.5261962e+00  -7.1527915e-01   2.8368797e-01   4.7819365e-01   1.5901117e+00   5.4762367e-01
   2.0000000e+00   1.0230380e+00  -7.7073082e-01   4.0011645e-01  -5.1897903e-01  -2.1409428e-01  -6.1976090e-01  -1.7916277e-01   1.5672112e+00  -1.5522276e+00   2.9252216e-01
   2.0000000e+00  -2.0285604e+00   5.7057006e-01  -2.5604229e-02  -3.7527618e-01   4.7198918e-01  -4.0109916e-01  -3.5996890e-01  -1.4350640e+00  -4.9856843e-02  -1.9084963e+00
   2.0000000e+00  -2.3060993e-01   7.3303193e-01   8.4804212e-01  -8.1926203e-01  -2.7477826e+00   1.2031668e+00  -1.3451392e+00   2.8044585e-01  -6.3310562e-01   8.8936314e-02
   2.0000000e+00  -1.5169395e+00   1.3751502e+00  -6.2822336e-01  -2.8997369e-01   7.1417289e-01  -4.6653208e-01  -3.6205819e-01  -1.4611596e-01   8.4036329e-02  -2.7758926e-01
   2.0000000e+00   2.1470935e+00   1.0508904e-01   6.6120551e-01   1.3862835e+00  -2.3163640e-01  -9.6397150e-01   1.4367909e+00  -1.7354794e-01  -7.0439666e-01   5.7224397e-01
   2.0000000e+00   2.1274141e-01  -7.9686392e-01  -9.8414447e-02  -1.0878231e+00   1.6860970e+00  -8.3456812e-01   4.5986511e-01   4.6890670e-02  -9.8021510e-01  -1.2340235e+00
   2.0000000e+00  -1.2402966e+00  -2.2082438e+00   1.3184625e-01   9.7385569e-01  -2.7198747e-01  -2.4643178e-01  -8.6442507e-01  -1.1940517e+00  -1.4096529e+00  -7.9033135e-01
   2.0000000e+00  -1.3716029e-01  -1.7344548e+00   5.3200359e-01  -1.7499540e+00  -1.0457336e+00  -7.4857628e-01   5.7149747e-02  -7.7362693e-01   7.8985692e-01   1.2356942e-01
   2.0000000e+00  -1.6320559e+00  -8.4605217e-01  -5.4445657e-01   2.6232689e-01   1.3903750e+00  -1.9975579e-01  -8.9633163e-01  -4.8970891e-02  -5.2203855e-01  -1.7324445e+00
   2.0000000e+00   7.2097345e-01  -1.0425156e+00  -2.7452107e+00  -9.7947175e-02  -1.1722797e+00   7.3094296e-01  -1.2404624e+00  -2.7252955e-01   2.4511408e-01   2.6306279e-01
   2.0000000e+00  -6.8025826e-01   2.1363007e-01   2.4370894e-01  -1.0206580e+00  -7.7856279e-01  -3.5596719e-02  -7.5168966e-01   8.3278856e-01  -5.7302217e-01   9.5164201e-02
   1.0000000e+00  -8.8645811e-02  -9.3865132e-01  -7.7488169e-02   1.8700187e-01  -5.6789734e-01  -4.3314330e-01  -5.7857632e-01  -7.3259886e-01  -3.8527272e-01  -2.3175459e-01
   2.0000000e+00  -6.8051549e-01  -1.8449103e+00   8.3610741e-01  -1.9947847e-01   1.7264441e+00  -1.9178471e+00   1.1161944e+00   1.2596962e+00  -1.0247352e+00   1.5418423e-01
   2.0000000e+00  -7.0891300e-01   4.6290812e-02  -3.8768745e-02  -7.8874332e-01  -8.7321984e-02  -1.4844578e+00   9.3906527e-01   1.2519765e+00   4.0474220e-02   7.8101832e-01
   2.0000000e+00  -1.2614851e+00  -1.4002254e+00   7.2311327e-01   7.9862889e-01   1.9612408e-01  -3.6579488e-01  -1.7387621e+00   1.4629036e+00   3.5938355e-01  -1.2733334e+00
   2.0000000e+00  -1.1976988e+00   1.3566111e+00   2.8508166e-01   1.6481764e+00   1.0480391e-01  -6.2874870e-01  -1.2974024e+00   1.8550987e+00  -2.3770473e-01   4.3555611e-01
   2.0000000e+00   8.8595072e-01   6.6144393e-01   4.1923815e-01  -1.4217699e+00  -7.5187073e-01   1.2032547e+00  -1.4694328e-01  -1.6472383e+00  -2.9458863e-01  -2.4499056e+00
   2.0000000e+00  -1.5339946e+00   1.8674527e+00   1.7846714e+00  -2.9325921e-01  -4.8763358e-01  -4.6142230e-01   1.2057279e+00  -3.1211809e-01   1.3085745e-01  -1.5395628e+00
   2.0000000e+00  -7.0506740e-01   1.1318975e+00   3.5293015e-01  -2.1312631e-01   3.7939020e-01   5.0701670e-01  -1.2201467e-01  -5.4720060e-01   2.5960945e-01   9.7582140e-01
   1.0000000e+00   3.5834726e-01   1.6595663e+00   7.0365809e-01   2.6743575e-01  -1.3766955e-01   8.3324394e-01  -9.2906958e-01   2.6814419e-01   2.1129371e+00   6.2808937e-01
   1.0000000e+00   3.2888920e-02  -8.3305895e-01   1.8542468e+00   6.3947560e-01  -5.0433629e-01   1.9041648e-01  -1.9296704e+00  -2.0598571e+00  -1.1831424e+00   1.5717689e-01
   2.0000000e+00   1.6249135e+00   7.4864710e-01   5.9107589e-01  -1.0946567e+00   3.9028822e-01   1.2795491e-01   1.4740485e+00   3.2669349e-01   1.7038793e+00  -1.5162662e-01
   2.0000000e+00  -1.0707566e+00   1.3154744e-01   2.8815833e-01  -3.9196429e-01  -7.1233395e-01   6.5856550e-01   7.4200633e-01  -2.0324902e+00  -1.9562611e+00  -1.3139320e+00
   2.0000000e+00  -1.8269672e-01   2.4118552e+00   4.6641890e-01  -8.3177736e-01   1.9148907e+00   2.3730686e-01  -2.1040418e+00  -1.6482885e+00   3.9107580e-01  -1.0176416e+00
   2.0000000e+00  -2.2878362e-01   1.1344753e+00  -7.0660354e-01   1.3696502e+00  -1.4738312e+00   6.4687141e-01   1.7482797e+00  -1.4526978e+00   1.0140204e+00   1.2326183e-01
   2.0000000e+00   8.2981371e-01  -5.1145527e-01   7.7809448e-01  -9.3868731e-01  -2.0676376e+00  -9.7974798e-01   9.9222713e-01   7.4356318e-01   1.2684693e+00   4.9043286e-01
   2.0000000e+00   5.2400764e-01   1.2946838e+00   1.5707209e+00  -2.0065515e+00   9.2336658e-01   2.1425923e-01   8.0777707e-01  -1.3501900e-01  -7.2590699e-01  -1.1638655e+00
   2.0000000e+00  -7.7563154e-02   1.4886212e+00  -4.9327860e-01  -1.5824420e-01   1.1187615e+00   6.9085439e-01  -1.6376046e+00   3.0740584e-01  -2.2491095e-01  -3.6053927e-01
   2.0000000e+00   9.0538184e-01   1.9169225e+00   2.1405884e-01   5.8619429e-01  -1.0481909e+00  -6.3952550e-01  -2.4847170e+00   1.0186634e+00   3.5136923e-01  -5.3404124e-01
   2.0000000e+00  -3.5195493e-02   5.8174165e-01   1.5748668e-02  -1.2428346e+00  -5.1263803e-01   9.8185533e-01  -4.7120209e-01  -1.7157948e+00   5.5320683e-01   8.6746122e-01
   2.0000000e+00   7.4737822e-02   1.7979265e-01   4.5147574e-01  -8.4279418e-01   1.3933236e+00  -5.7934221e-01  -1.4245728e+00  -8.0709179e-01  -2.2700506e-01  -1.8358560e+00
   2.0000000e+00   2.0831680e+00  -6.7294388e-01   1.3742402e+00  -4.1884978e-01   1.8790480e+00  -1.4462101e+00  -1.2755896e+00   1.0119374e+00   1.4049334e+00   7.0556177e-01
   2.0000000e+00   1.3781189e+00  -7.4231870e-01  -5.0059572e-01   8.3250036e-03   2.7805773e+00   1.9393569e+00  -6.2233449e-01   7.7772454e-01  -3.6344914e-01  -2.2607337e-01
   2.0000000e+00   1.1246821e+00  -1.5458382e+00  -1.0433401e+00   5.8848863e-01   1.0388352e+00   7.1814011e-01   1.6875729e+00   2.0725483e-01  -1.0486068e+00  -3.9169569e-01
   2.0000000e+00  -1.8814896e+00   1.4679802e+00  -1.5142812e+00  -2.3742282e-01   1.6377452e-02   1.5380454e+00  -1.3332395e+00  -5.5285345e-01   7.0399261e-01  -8.9465484e-02
   2.0000000e+00   1.1272846e+00  -9.7618020e-01  -1.2222465e+00   1.4833871e+00  -7.9166726e-01   7.2905004e-01   2.3538705e+00   3.9850250e-01  -3.5291969e-02   1.1107755e+00
   2.0000000e+00  -1.8897319e+00   1.1459777e+00  -2.1435506e+00  -8.0414375e-01   4.4265841e-01   2.7362591e+00   1.7405146e+00   8.8353144e-01   2.9633230e-01   8.1948899e-02
   1.0000000e+00   9.1246766e-02  -3.8761327e-01  -5.4059570e-01   1.1541276e-01  -3.4063655e-02  -1.3623538e+00  -6.5448861e-02  -1.5667225e-01   6.3997890e-02  -2.2009103e-01
   2.0000000e+00   2.3504641e+00   7.1433730e-01  -1.1992310e+00  -2.6088129e-01   1.0107676e-01  -1.6751421e+00   5.0759529e-01  -4.6578581e-01  -6.4322783e-01   2.3652570e-01
   1.0000000e+00  -5.6423664e-01   6.4057874e-01   2.0412305e-01   4.3194115e-01  -4.4151362e-01   2.0263943e+00   2.2047409e-02  -5.2340642e-02   4.1802934e-01  -2.9670948e-01
   2.0000000e+00  -8.5515662e-01   2.3505692e+00   1.6034604e+00   8.5295322e-01  -1.4043045e+00  -5.4336972e-01  -8.2272847e-01   9.1730945e-01   6.7987199e-03  -5.4226182e-01
   1.0000000e+00   9.4853528e-02  -8.0712271e-01   6.7542035e-01   9.7816021e-01  -1.0720473e-01   9.4796166e-02  -1.9075307e-01  -6.0816366e-01  -1.5478142e+00  -7.4438479e-02
   2.0000000e+00  -6.9324329e-02  -8.5293908e-01   7.2837161e-01  -2.1846959e-01   1.6602678e+00   3.1888592e-02  -4.2838997e-01  -1.2883485e+00  -4.3432264e-01   4.1117877e-02
   2.0000000e+00  -1.6745175e-01   4.0647623e-01   8.7093553e-01  -1.4032644e-01   1.8125458e+00  -3.6141218e-01   6.4540577e-01   1.3115195e+00   1.6737058e+00   2.5203381e-01
   2.0000000e+00  -4.4682252e-01   7.8795737e-01  -2.8541663e+00  -2.0575883e-01   6.5136352e-01  -2.3846580e+00   7.9801790e-01   1.4389169e+00   5.0750892e-01  -2.0114470e-01
   2.0000000e+00  -1.9506037e-01   1.8327858e+00   7.1537519e-01  -4.1139367e-01  -8.3547547e-01   6.1113342e-01  -1.9070774e+00  -4.7516905e-01  -1.0105962e+00   3.1878039e-01
   2.0000000e+00   7.7285702e-01   1.8928435e-01   1.1819362e+00   7.3775804e-01  -9.5659966e-01   2.7218921e-01   4.0004125e-01  -6.6670363e-01   2.3318544e+00   6.2506188e-02
   1.0000000e+00  -9.7396967e-01   1.3416151e+00  -6.6628746e-01   1.3047652e-01   8.3011469e-01  -3.4253749e-01   5.8048626e-01  -5.4108664e-01  -4.0319594e-01  -1.3283968e-01
   1.0000000e+00   4.8863255e-01   3.6617836e-01  -1.4498804e+00   1.8646822e-01  -3.6275214e-01   1.2920942e+00   8.4845812e-02   2.0202038e-01   1.4305413e-01  -5.8168251e-01
   1.0000000e+00   2.8833051e-01  -2.2626513e-02   1.2123746e+00   4.2772443e-01   6.5084706e-01  -3.6276338e-01  -3.4367341e-02   2.3181639e+00   1.0255018e+00   1.2057726e+00
   2.0000000e+00  -1.3807792e+00  -2.0916586e+00  -1.0739419e+00  -3.0462507e-01   2.9787159e-01  -5.7790606e-01   1.0735672e+00  -1.0533276e+00  -1.0138963e+00   7.5045091e-01
   2.0000000e+00  -6.4515972e-01  -2.3672676e+00  -9.1691050e-01  -1.6904911e+00  -1.3655761e+00  -1.0375323e+00   5.4918262e-01  -2.2713959e-01  -1.7543354e+00   1.3012253e-01
   2.0000000e+00   3.8151375e-01   1.7308714e+00  -7.1969139e-01   1.9638837e+00  -4.0613847e-01   8.3212046e-01   7.1832448e-01   3.8906450e-01   1.0390007e+00   1.2564291e+00
   2.0000000e+00   3.2542521e-01   1.0457123e-01   2.5384583e-01  -8.9672736e-01   1.3292949e+00   8.0277746e-01   1.9904962e-01   7.7952193e-01   1.7897697e+00   9.6714483e-02
   2.0000000e+00   2.7842793e-01   7.4918820e-02   3.8471116e-01  -1.3399727e+00  -2.5012777e-01  -1.6392633e+00  -9.4321841e-03   5.4136684e-01   1.6628710e+00   1.7290230e-01
   2.0000000e+00   1.9684974e+00   4.6227232e-01  -7.2409833e-01  -1.0581090e+00   1.1070280e+00  -8.7697507e-02   5.4627316e-01  -3.4664985e-01   5.7827418e-02  -8.0275679e-01
   1.0000000e+00   6.9731704e-01   5.4445583e-01  -1.3007736e-01   1.1492331e-01   8.0812369e-01  -9.2725567e-02  -7.0959918e-01  -1.4435269e+00   1.7988615e-01   1.7143054e+00
   1.0000000e+00  -6.7587880e-01   5.6681391e-01   4.1076111e-01   3.8975514e-01   8.8517463e-01  -1.5486016e+00   2.0229620e+00  -1.5816018e+00   4.7340753e-01   2.0777090e+00
   2.0000000e+00   3.5949153e-01   1.3248215e+00  -1.3129780e+00  -3.4497697e-01  -1.7115837e+00  -9.7124593e-01   1.8553822e+00  -1.9814025e+00  -1.3215466e+00   1.4180001e+00
   2.0000000e+00  -1.4606993e+00  -3.4893166e-01   1.8556485e-01   1.3504905e+00   1.0814987e+00  -4.7021302e-01  -8.1433391e-01   2.3667924e-01  -3.0400441e-02  -1.0614794e+00
   2.0000000e+00  -1.6509436e+00   4.7045910e-01  -5.9418153e-01   1.4464112e+00   1.7319511e-01   6.3548376e-01  -6.2565466e-01   6.5117042e-01   2.2811157e+00   7.1782001e-01
   1.0000000e+00  -5.3192202e-01   5.4399520e-01  -1.2039314e+00   4.0896594e-01  -1.7364748e-02   2.2514861e-01   1.0242428e+00  -9.9972538e-01   5.6085543e-01   9.9758833e-01
   1.0000000e+00   3.8691972e-02  -8.6048472e-01  -2.1219870e-01   7.3449010e-01   9.3212246e-01   8.2124588e-01   3.1150221e-01   1.3726503e+00  -8.9179956e-01  -7.5594800e-01
   2.0000000e+00  -1.8897137e+00  -6.9087411e-01  -5.1399220e-01   2.7699252e-01  -6.4339978e-01  -7.7410552e-02  -4.5486036e-01  -8.4906050e-01  -1.5348555e+00  -1.4760966e+00
   2.0000000e+00  -1.9121051e+00   6.3660222e-01   2.8662950e-01   2.1358335e-01  -3.9464875e-01  -4.4761914e-01  -2.0715866e-01  -1.0844962e+00   1.1352467e+00   7.0652543e-01
   2.0000000e+00  -1.8471952e+00   2.5896169e-01   8.1519766e-01  -2.4094127e+00   1.8056429e+00  -9.2518905e-01   5.3285237e-01   1.4751511e-01   1.2562439e+00  -2.3719180e-01
   2.0000000e+00  -2.1235171e+00   1.4144782e+00  -1.0949136e+00  -2.4585778e+00  -1.6398920e+00   1.2577949e+00  -1.1262635e-01  -5.5006073e-01   1.3154279e-01   1.2386598e-01
   2.0000000e+00  -1.3535651e-01   7.9339293e-01  -4.8236236e-01   1.5601266e+00   2.2643063e-01  -4.6227400e-01  -1.3305539e+00  -3.2292913e-01   5.6283323e-01  -1.2302802e+00
   1.0000000e+00  -3.9035752e-02   7.2658537e-01   1.5080709e-01   6.4501234e-01  -6.7920756e-01  -8.2014223e-01   7.2380946e-02  -9.0940386e-01   1.1276488e+00   2.3516779e+00
   2.0000000e+00   4.2594507e-01   1.3279895e+00  -1.4227235e+00   1.2276233e+00  -5.5640211e-01   7.6144074e-01   1.7229649e-01   9.3971606e-01   2.0961775e-01   1.1799415e+00
   2.0000000e+00   1.0513185e+00  -5.0266006e-01   5.9953120e-01  -2.4077811e-01   7.6961339e-01   1.1634164e+00  -7.2337491e-02  -1.1933893e+00  -4.3489898e-01  -2.2043581e+00
   2.0000000e+00  -5.1841485e-02  -2.0928403e+00   8.5463193e-01  -8.9935914e-01   4.9784131e-01  -5.1763948e-01  -2.1826443e-01  -6.4522116e-01   6.2323306e-01  -7.9542719e-01
   2.0000000e+00  -9.9394645e-01  -1.5522370e+00   7.5680219e-01  -7.8206519e-01   2.2943638e-01   2.0242689e-01  -1.6099471e+00   6.7652451e-01   4.0039828e-01   8.4371394e-01
   2.0000000e+00   1.0939462e+00   9.8819211e-01   2.5998697e+00   8.9050123e-01   5.0847638e-01  -5.6520615e-01  -5.9181372e-01  -2.7040746e-02  -2.1209545e-01  -5.2308539e-01
   2.0000000e+00  -8.4621447e-01  -6.4021828e-01  -2.9376029e+00  -6.2258412e-01  -7.8065828e-02   7.7705066e-01   4.5852688e-01  -7.4817915e-01  -2.1237573e+00  -2.4196911e+00
   2.0000000e+00   5.7130648e-02   1.6868001e+00   8.7935218e-01  -1.4246634e-01  -5.1341814e-01  -1.4035057e-01  -1.5597841e-01  -6.0417406e-01   2.6478942e-02  -1.5200247e+00
   2.0000000e+00   7.8722553e-01  -8.5194467e-01   5.7379845e-01   1.3413924e+00   5.3543809e-01  -1.5739651e-01   5.6693800e-01  -2.6888485e-01  -6.2216421e-01  -2.8415616e-01
   2.0000000e+00  -1.5469011e+00   2.8803806e-01  -1.1572522e+00  -1.1450516e+00  -1.0183762e+00   2.1530619e-01  -6.4438177e-02  -4.8069534e-01   3.2883274e-01  -1.0674672e+00
   2.0000000e+00  -9.3233582e-01   9.7197319e-01  -7.9010924e-01   1.0435350e+00   9.8553731e-01   1.0603495e+00   4.6765856e-01   1.8487721e-01  -8.7412542e-01   8.2244997e-01
   2.0000000e+00  -1.3671302e+00   8.1804933e-01   3.0616979e-02   3.7180943e-01   3.0189895e-02  -6.5292563e-01   2.2099209e-01   1.0208888e+00  -2.5994608e-01   3.7902570e-01
   1.0000000e+00  -2.2599007e-02  -6.0699211e-01  -8.0170296e-01   2.0522440e-01   7.8135289e-01  -1.9597221e+00   1.5611246e-01  -3.0359550e-01   2.6669181e-01   1.4638257e+00
   2.0000000e+00  -1.6071967e-01  -5.5066761e-01  -8.3334295e-02  -1.2651105e+00  -9.6560095e-01   7.8727527e-02   2.1268279e-01   6.9423313e-01  -1.8991656e+00  -8.4603475e-01
   2.0000000e+00   3.8152222e-02   1.2967259e-01  -8.1115231e-01  -2.1045239e-01   3.0487199e-01  -6.3433762e-01   1.7431691e-01   1.9187530e+00  -1.8796795e+00   5.4083011e-01
   2.0000000e+00   2.5148931e-02   8.3764529e-01   3.1147851e-01   1.9160736e+00  -2.5421351e-01   1.0404806e+00  -7.8834334e-01   1.6573153e+00  -4.2358767e-01  -1.0181225e-01
   1.0000000e+00  -3.6741980e-01  -4.7745021e-01   1.7708282e-01   4.8667604e-02  -6.5200718e-01   2.5884263e-01  -7.5298638e-01  -1.7624054e-01  -1.1671689e+00  -1.4705002e-02
   2.0000000e+00   1.9824067e-01  -7.1791403e-01  -3.9193627e-01   1.0701589e+00   3.0308009e-01   1.3050663e+00  -4.2751347e-02  -7.4638785e-01   3.9313580e-01  -3.0090542e+00
   2.0000000e+00   7.8568487e-01   8.6856960e-01  -1.2467637e+00   1.1914339e+00   8.0641020e-01   5.5676346e-01  -1.5462841e+00  -1.1077946e+00   5.7233338e-02  -1.2189194e+00
   2.0000000e+00   3.6683741e-01   4.8069044e-01   1.8550532e-01  -1.0355843e+00   1.3464690e+00   8.4597268e-01   1.3731057e+00   5.0698433e-01   1.3493694e+00  -3.3503751e-01
   2.0000000e+00  -7.3218133e-01   2.2859586e-01   5.7347110e-01  -3.9577682e-01  -4.9644691e-01  -1.9389341e+00   4.1305925e-01  -5.9545722e-01   1.3582814e+00   1.1106527e+00
   2.0000000e+00   6.6970909e-01  -3.4488940e-01   6.9508565e-01   1.7765697e+00   9.8235286e-01  -1.5061951e-01   2.5733216e-01   6.3388243e-01  -5.8109005e-01  -1.4568131e+00
   2.0000000e+00   9.9403235e-01   4.1130562e-01  -9.2724611e-01  -1.5185761e+00   4.9617764e-01   8.8763789e-01   2.1758199e-01  -9.1516581e-01   3.1226371e-01  -2.1616856e+00
   2.0000000e+00   1.3203214e-01  -9.2095763e-01  -4.6693303e-01   1.0249391e+00  -5.5740434e-02   5.9648773e-01  -1.3873455e+00   2.9989203e-01   5.9370222e-02   6.2153939e-01
   1.0000000e+00  -8.9880285e-01   1.2951991e-01  -1.1215845e+00   3.6735478e-01  -1.1369991e+00  -3.8476173e-01   1.7534597e-01   1.0039866e+00   1.5484250e+00   1.0846683e+00
   2.0000000e+00   1.1210302e+00   1.0042515e+00   1.1839729e+00  -2.5078994e-01  -9.8312908e-01  -6.1234196e-01   1.4052303e+00   1.6694623e-01  -3.3827760e-01  -5.5274980e-01
   2.0000000e+00  -1.3930644e+00   1.8918075e-01  -7.2582147e-01   5.9388790e-02  -4.4865070e-02   2.5954441e-01  -2.4688243e-02  -8.6605580e-01   1.6958133e-01   8.1740620e-01
   1.0000000e+00   5.6895359e-01   6.6503382e-01   3.0292868e-01   3.4211295e-01   5.4574422e-01  -1.0298580e+00  -8.6213406e-02  -1.4645486e-01   1.6470540e+00  -1.3042916e+00
   2.0000000e+00  -8.1262253e-01   5.5950751e-01   6.0098310e-01  -2.3913920e-01   8.7687174e-01   7.0324484e-02   4.9364109e-01   7.7190579e-01  -2.1711796e+00  -5.6152180e-01
   2.0000000e+00  -6.5461893e-01   4.9644570e-01   5.9824895e-01   8.6586078e-01  -9.2936310e-01  -3.1966561e-01   5.4980641e-01   2.8584769e-01  -1.0058353e+00  -4.3294407e-01
   2.0000000e+00  -1.6794597e+00   2.2436517e+00  -3.5967043e+00  -3.9295930e-01   1.3626999e+00  -9.9057777e-01   2.1128273e-01   1.3110941e-01  -7.7372247e-01  -4.8767156e-01
   2.0000000e+00   3.8737542e-01   1.1684064e+00   8.6259213e-01   1.4105360e+00  -3.2103371e-02   1.2804992e+00  -1.4287943e+00  -5.2690191e-01  -2.1431145e+00   8.0639400e-01
   2.0000000e+00  -5.3109316e-01  -6.2622210e-01  -8.2664541e-01  -6.2312369e-01  -2.2228884e+00  -3.9250944e-01  -5.8377446e-01  -9.8684239e-01   8.8327651e-01   5.4983746e-01
   2.0000000e+00   2.6577876e-01  -1.1431448e+00   5.0663971e-01   1.8849690e+00   2.0661035e+00   1.2420904e-01   5.2694768e-01  -1.4884648e+00   2.9562825e+00   4.6940658e-01
   2.0000000e+00   2.3517705e+00   1.5910232e+00   1.3297565e+00   3.5186910e-01  -8.6473940e-01   1.3297754e+00   2.3953644e+00   3.1936515e-01  -1.2635152e+00   9.3570158e-01
   2.0000000e+00  -5.1306143e-01  -2.8402566e+00   1.9605846e+00   8.6735012e-01   1.3356988e+00  -2.9498291e-01   5.3754165e-01   1.0379554e+00   1.4566701e+00   6.5367902e-01
   2.0000000e+00   2.1406290e-01   5.6066866e-01   1.1604174e-01  -4.6135187e-01  -1.2343375e+00  -8.9707942e-01  -4.7492647e-01  -1.0591555e+00  -7.4317044e-01   9.3646771e-01
   2.0000000e+00   7.7555281e-03   4.2466988e-01  -7.3581042e-01  -5.2603422e-01  -5.8431046e-01  -3.1286505e+00  -7.9598726e-02   1.5039127e+00   8.9223504e-01  -4.1802015e-01
   2.0000000e+00  -7.2611413e-02  -1.2109823e+00  -9.9328566e-01  -2.7372881e-01   9.3424666e-01   5.9337349e-01   4.0063254e-01   1.6606602e+00   1.0386398e+00   8.4662425e-01
   2.0000000e+00   5.3649163e-01  -5.8483781e-01  -1.0849634e+00  -3.6979651e-01  -4.8938729e-01   1.3430881e+00  -5.5395839e-01   2.0710670e+00  -9.5809974e-01   1.7507812e-02
   2.0000000e+00   1.9317980e+00  -1.8395636e+00  -1.8307181e+00  -1.1296317e+00   2.8342509e-01   1.0038137e+00   1.3511669e+00   3.4888580e-01   1.5337180e-01   3.5934443e-01
   2.0000000e+00   6.5219695e-01   4.6650042e-01   1.8418851e+00  -2.9768420e-01  -8.0186391e-01   8.7105152e-01   1.3853868e+00   4.1310032e-01  -1.3464880e+00  -2.8712191e-01
   1.0000000e+00   9.2999913e-01   3.8233443e-01   1.3132009e+00   2.3307599e-01   6.8653867e-01  -2.9376915e-01   1.6832161e+00  -7.2441988e-01  -8.6884282e-02   9.9364414e-01
   2.0000000e+00   2.2577264e+00  -9.8691835e-01   1.3333201e+00   2.0942417e+00   2.4471030e-01   2.0723938e+00   1.0517698e-01  -3.3052106e-01  -6.9479302e-02   1.3149945e+00
   2.0000000e+00  -1.1792536e+00  -2.7854210e-01   3.4193648e-03  -1.3759376e+00   2.1976124e+00  -1.0434809e+00  -9.9118615e-01   2.6554693e-01  -2.1909048e-01   4.6288702e-02
   1.0000000e+00  -2.0520107e-01  -3.4273654e-01   6.0877603e-01   3.6811441e-01   4.5814865e-01   9.0874447e-01  -6.9166624e-01   1.1038880e-01  -9.5079068e-01   4.0599846e-01
   2.0000000e+00  -5.8620455e-01  -7.9953335e-01  -3.6293894e-01   1.2105553e+00  -2.4764083e+00  -1.2222196e+00   1.4681828e+00   6.5950877e-01   5.8522041e-01   6.0974161e-01
   2.0000000e+00  -4.3368116e-01  -1.6359185e+00  -7.6852996e-01  -7.0244431e-01   2.0810367e-01  -1.0735260e+00   1.9471659e-01  -7.9293714e-01   3.0917562e-01  -2.7670281e-01
   2.0000000e+00   9.5818829e-01  -2.0341227e-01   9.0618029e-01   5.3240652e-01  -1.0824108e+00  -1.2630336e+00   8.9277780e-01   3.4483880e-02   4.2011056e-01   1.8718356e-01
   2.0000000e+00  -1.8228635e+00  -3.7016762e-01  -1.3557117e+00   2.4503396e+00  -1.1437536e+00   5.1879699e-01  -5.8583086e-01   9.4337291e-01   1.8463733e+00  -1.6134499e+00
   2.0000000e+00  -2.8261649e-01  -1.6099278e+00  -6.1739864e-01   1.2909432e+00  -6.6290985e-01   7.9996708e-01   8.6587011e-01   1.4459198e+00   7.0445708e-01  -4.2456598e-01
   2.0000000e+00   2.6469633e+00  -1.6641377e+00   1.6803743e+00   4.2617017e-02  -2.8744124e-01   1.2595872e+00  -1.3550576e+00  -2.5821230e-03  -3.6153115e-01  -1.2733281e+00
   2.0000000e+00  -4.4639262e-01  -6.7938952e-01  -9.0553121e-02  -1.2593815e+00  -6.3271730e-02  -1.4696080e+00  -1.2936500e+00   1.8402463e+00   1.2729798e+00   1.2000582e+00
   1.0000000e+00  -7.9121870e-01  -5.7998576e-01   5.8845521e-01   5.8676497e-01   6.1162194e-01   9.5086046e-02   1.2013863e+00   4.9802651e-01   1.7835703e+00   1.1204734e+00
   2.0000000e+00  -2.8511776e+00   3.3968681e-01   7.7139937e-01  -7.7137676e-01   1.8106299e+00   7.5074794e-01  -7.0016912e-01  -5.1190189e-01  -2.5497094e-01   2.6259722e+00
   2.0000000e+00  -5.2719805e-02   9.3570811e-01   2.3401075e-01   1.0142308e+00  -4.7365775e-01   6.4179970e-01   7.4646923e-01  -2.9433157e-01  -3.4120948e-01   3.1108800e-01
   1.0000000e+00   1.6948985e-01  -1.3112248e+00   5.9803214e-01   6.1600259e-01  -5.2660380e-01  -2.9636593e-01  -4.5766780e-01  -2.2530588e+00   2.7299777e-01  -1.2964053e+00
   2.0000000e+00  -1.2305022e+00  -9.3556236e-01   2.3280957e+00   1.1523583e-02  -3.4884555e-01  -5.2044896e-01   6.1255462e-01  -1.1536758e+00  -1.0075492e+00   2.0105185e+00
   2.0000000e+00  -8.2363669e-01  -1.5436683e-01   9.0059096e-01  -7.0056063e-02   1.6556916e+00  -1.0993327e+00   2.7212460e-01  -4.4523727e-01   5.9376931e-01   1.8617983e-01
   2.0000000e+00  -1.2319794e+00   1.0229776e+00  -4.9380116e-01  -1.8532058e+00   2.6762523e-01  -1.9985343e+00   1.0101585e+00   1.5831397e+00   1.0017150e+00  -7.5743009e-01
   2.0000000e+00   7.5060930e-01   3.5209188e-01   6.6000250e-01  -1.7265674e-01   8.9098041e-01  -3.8352069e-01   7.4468458e-01  -4.6923242e-01  -5.0602419e-01   2.1534451e+00
   2.0000000e+00   3.6894936e-02  -2.2240308e+00  -2.5124003e+00  -2.2764250e-01  -5.0859508e-01  -9.3820073e-01  -1.0609578e+00  -2.0559557e+00  -2.7658130e-01   5.2036579e-01
   2.0000000e+00  -8.0063789e-01   1.4935121e+00  -6.8179453e-01   1.0506307e+00   1.1764356e+00   6.4805784e-01  -8.6969810e-01  -7.0650078e-01  -2.1070004e-01   2.4273826e-01
   2.0000000e+00  -1.6084491e+00   1.1888870e+00   5.1258992e-01  -1.6064458e+00   9.9177066e-01   3.8324433e-01   2.5486102e+00   1.7939298e+00  -8.7152523e-01   8.7251623e-01
   1.0000000e+00   2.1433444e-01  -1.4387851e+00   7.2060465e-04   7.8616298e-01  -1.7669801e+00   4.2711764e-01   6.7131127e-01  -2.5797863e-01  -1.1111770e+00   1.0808083e+00
   1.0000000e+00  -1.2282444e-01  -6.0496261e-02  -1.2667899e+00   7.0488442e-01   1.7803647e+00  -7.2598719e-01   2.1667973e+00  -1.4798212e+00   1.2906689e+00  -1.2723367e+00
   2.0000000e+00   5.6158949e-01  -5.7836173e-01  -2.1145973e+00  -6.4897215e-01  -3.6657178e-01  -1.7454130e+00  -4.4802197e-01   5.2383997e-01   5.1083948e-01   1.5090615e-01
   2.0000000e+00   1.6768351e+00   4.2949286e-01  -1.4189790e+00   9.4531169e-01  -1.1916503e+00  -5.2468164e-01  -2.5791172e-01   5.2784431e-01   9.2145124e-01  -3.8250269e-02
   2.0000000e+00  -1.4333744e-01   1.4682464e-04  -7.5567643e-01  -9.7653632e-01  -1.7017042e-02  -1.1882284e-01   2.6719011e-01  -1.3530858e+00   1.0835815e+00   2.1305422e-01
   2.0000000e+00  -5.7655906e-01  -2.0375044e+00  -4.8768183e-02   1.9591364e+00  -1.1219165e+00  -7.7908775e-01   6.5798099e-01  -1.0132620e+00   1.4484882e-02  -1.8682939e-01
   2.0000000e+00  -4.1766470e-01  -3.2402320e-01   6.4733521e-01  -9.3376072e-01   2.6386996e+00   4.2438524e-01  -6.1800364e-01   2.2131392e+00  -5.5385662e-01   1.7913333e-01
   1.0000000e+00  -1.4351269e-01   4.6684227e-01  -4.2198749e-01   1.6082681e-01   4.5142303e-01   6.9458196e-01   6.4028277e-02  -2.3512989e-02  -1.1955816e+00   2.4682184e-01
   1.0000000e+00   9.7599215e-02  -1.0702412e+00   6.2134991e-01   4.8280535e-01   2.3319299e-01  -4.5205516e-01   6.4569943e-01  -1.8427457e+00  -1.1272151e+00  -4.5629809e-01
   1.0000000e+00  -8.0250429e-02  -8.1046360e-01   1.5793297e+00   1.3240754e-03   6.2134944e-01  -1.2843854e+00   7.5378462e-01  -6.6795626e-01  -3.4412279e-01   5.5236994e-02
   1.0000000e+00   7.4867348e-01   2.8201595e+00  -1.3670640e+00   1.8223270e-01   4.0529043e-02   1.0384397e+00   9.9099957e-01   3.7169178e-01  -1.6998437e-01   2.2846757e-01
   2.0000000e+00  -1.3608535e+00   1.2194649e+00  -1.5892924e+00   1.1629875e+00   5.5963185e-01   1.4597219e+00   7.4158379e-01  -1.2778834e+00   1.4755467e+00  -1.2695718e+00
   2.0000000e+00   4.6190187e-01   1.3819311e-01  -1.8862136e+00   1.2834967e+00  -2.6717858e-01   8.3303048e-01  -1.1689667e-01  -2.9638976e-01  -4.5575104e-01   1.7644920e+00
   2.0000000e+00  -1.3169348e+00  -1.1363280e-01   1.1265351e-01   9.3191582e-01  -3.3889807e-01  -7.3543108e-01   1.2211383e+00   7.9325566e-01   1.7453274e+00   1.8377986e+00
   2.0000000e+00  -1.1635693e+00  -7.1729717e-01  -8.9929193e-01   1.3020368e+00  -2.7516765e-01  -6.4235778e-01   1.3074701e+00  -1.6336718e-01   8.0417670e-03  -1.5469688e-02
   1.0000000e+00   6.0198791e-01   1.5831356e-01   8.3855323e-01   4.3761400e-01   2.9115507e-01   7.0690958e-01   9.5952529e-01   3.1649168e-01  -1.6855626e+00  -1.1800216e+00
   2.0000000e+00   1.6030155e-01   2.7755344e-01   1.8270510e+00   1.8212552e+00  -8.3704495e-01  -1.8755292e+00  -3.6527575e-01   6.2796310e-02   7.4365929e-04   8.0200706e-01
   1.0000000e+00   2.2848146e-01   7.2320100e-01  -1.7352001e-01   8.8172175e-01  -1.4466401e+00   1.5561998e+00   1.3495998e+00   5.2489530e-01   7.7491247e-01  -4.5804905e-01
   2.0000000e+00  -1.9963339e+00   7.1197766e-02  -9.0244347e-01  -1.0208949e+00  -3.0069515e-01   2.1067752e-01  -1.8735215e+00   1.6305581e-01  -1.4523204e-01   1.1631786e+00
   2.0000000e+00   7.1417539e-01  -1.0326322e+00  -2.8127024e-01  -6.0417129e-01  -3.0268012e-01  -2.4571096e-01  -2.5350683e-01  -1.3125127e+00   2.0822806e-01  -5.6552608e-01
   1.0000000e+00  -7.7087861e-02  -6.5661522e-01  -1.0370897e+00   4.8197274e-01  -6.1440452e-01  -1.7496636e-02   5.9067881e-01   1.1819509e+00   1.0136207e-01   1.0011511e+00
   2.0000000e+00  -8.9808841e-02   4.3457021e-01  -1.0312433e+00  -7.8753796e-01  -1.3783452e+00   7.3564272e-01   1.1749354e-01   9.4622769e-01  -7.4815539e-01   3.1111600e-01
   2.0000000e+00   3.7966508e-01   3.8784355e-01  -1.3938690e+00   6.4286036e-01  -2.0144597e+00   5.1929094e-01   7.4950040e-01  -7.9477979e-01  -4.0691041e-02   1.3356075e-01
   2.0000000e+00  -6.9771563e-01   1.5308801e-01   1.9294590e+00  -1.1052481e+00   1.0927408e+00   1.5657993e+00   9.2182901e-01  -1.1220705e+00  -3.3203299e-01  -2.1101429e+00
   2.0000000e+00   5.5663225e-01   2.1135225e+00   6.4055859e-02  -2.1426885e+00  -8.5059768e-01   1.5786477e+00  -8.2197073e-01   5.2350639e-01   3.8142847e-02   1.6390197e+00
   1.0000000e+00  -4.7441481e-01   5.5183416e-01   7.0321548e-01   4.2361611e-01  -1.3854915e-01   1.1979566e+00   3.7768889e-01  -4.9057528e-01   3.7004852e-01  -1.2391698e+00
   2.0000000e+00   1.6950166e+00   9.6068065e-02  -5.8869133e-01  -9.0178678e-01   2.6682710e+00  -5.2479565e-01   3.6590078e-01   4.8226930e-01  -4.3902134e-01   2.2174803e+00
   1.0000000e+00  -2.5077506e-01   5.1023770e-01  -1.0940130e+00   7.1231548e-01   7.5884181e-01  -6.5453782e-01  -2.0353712e+00  -1.8966978e+00   5.4519400e-01  -5.0915762e-01
   2.0000000e+00  -7.4670772e-01   6.6684302e-02   9.7224113e-01  -6.9397319e-01  -1.2130390e+00   7.3350972e-03  -6.9275871e-01  -5.7575828e-01   6.3953669e-01  -9.7129361e-01
   2.0000000e+00   2.2811679e+00  -1.3776717e+00   1.3607106e+00  -4.0936162e-01  -6.6824878e-01   5.8367546e-01   5.7546412e-01  -2.8796437e-01   5.9741999e-01   5.8001387e-01
   2.0000000e+00  -2.2968068e-02   2.3619211e-01   3.1343541e-01   1.0039341e+00   3.9914193e-01   2.1468373e+00  -2.2869924e-01   1.7493733e+00  -2.2423296e-01   2.0093659e+00
   2.0000000e+00   2.0944722e-01  -3.5707762e-01  -1.5563671e+00   1.5152334e+00   2.4396915e+00  -9.4968323e-01   7.4510326e-02  -2.2519014e-01   8.2568048e-01   1.2883389e+00
   2.0000000e+00   3.8695150e-01   8.5602537e-01  -1.1449046e+00  -2.9923546e-01   1.6986182e-02  -1.4732850e-01  -1.0195923e+00   1.9485498e+00  -7.0912478e-02  -8.0219316e-01
   2.0000000e+00   1.2195270e+00   1.3646378e+00   5.1047371e-01  -7.3190587e-01   7.7421799e-01   4.0106427e-01  -1.3263554e+00  -1.9323332e-01  -3.3068384e-01   2.2165704e+00
   2.0000000e+00  -1.5850007e+00  -3.9289287e-01   2.8077945e-01   3.1398199e-01  -1.2345311e+00   1.8968632e+00  -2.1198226e+00  -1.4224514e+00  -9.3722514e-01  -2.7025146e-02
   2.0000000e+00   9.7768966e-03  -1.0129071e+00  -1.8516993e-01  -2.9278614e-01  -9.0849160e-01   1.0935110e+00   2.6844463e-01  -2.3602162e+00  -2.9817296e-01   6.0024896e-01
   2.0000000e+00   2.7627197e-01  -1.2507330e-01   1.3049310e-01   1.6032041e+00  -8.9575443e-02   9.6909692e-01   1.4672454e+00  -6.8238919e-01  -3.7590627e-01   6.4823784e-01
   2.0000000e+00  -1.7108781e+00  -7.4086032e-01   1.5930622e+00   2.1215736e+00  -1.1241627e+00  -2.3588459e-01   4.5287618e-01   2.8190837e-01   8.3788531e-01  -4.6715603e-01
   2.0000000e+00  -1.4083264e+00   1.0474242e-01  -7.5298001e-01   4.2285323e-01  -2.6992129e-01  -2.0891769e-01   2.1912660e+00   2.1991389e-01  -6.0165524e-01  -2.8643482e-01
   2.0000000e+00  -1.3970265e+00  -1.7708335e-01  -7.2736642e-01   9.6980521e-03   4.9970415e-01   5.2839396e-01   1.1050265e+00   7.3266303e-01   5.6616837e-01   7.2857501e-01
   2.0000000e+00  -8.1837283e-01   2.2341062e+00  -1.7577403e+00   1.0035144e+00  -1.6529126e+00   4.9917780e-01  -1.4067476e+00   3.8654758e-02   7.2175553e-01   1.0524826e-01
   2.0000000e+00   1.1403701e+00  -7.9007233e-01  -1.1622237e-01   6.2495160e-01   1.5065665e+00  -5.2247800e-01  -5.9927939e-02  -6.7151321e-01  -7.4409011e-01   5.8034654e-01
   2.0000000e+00  -5.3071793e-01   1.5691394e+00   2.2702697e+00  -6.9610391e-01   2.4147819e-01   3.3081621e-02   1.1183491e-01  -2.7271806e+00  -1.8698318e-01   1.1524452e+00
   2.0000000e+00  -1.4270209e+00  -4.9872556e-01   7.1217212e-02  -1.6025213e-01  -6.4745482e-01   1.0945162e+00  -9.3336550e-01  -1.1366995e+00   2.9682754e-01   2.8531447e-01
   2.0000000e+00  -7.9982770e-01   2.8320740e-01   8.1363074e-01  -4.1706489e-01  -1.6834181e-01  -2.4752034e-01  -9.1225568e-01  -7.5483594e-01  -1.1526205e+00   1.7654079e+00
   2.0000000e+00   3.6148873e-01   1.2460684e+00   3.9165784e-01  -4.9335175e-01   5.2545454e-02  -5.3405960e-01   1.1422811e+00  -3.3501625e-01  -4.1602121e-01  -6.7340615e-01
   2.0000000e+00   9.4693813e-01   1.5618938e-01  -1.9440204e-01   5.1680203e-01  -7.1238363e-01   5.9352534e-01   8.1799015e-01  -1.3734394e+00  -3.2513760e-01  -4.3090577e-01
   2.0000000e+00   9.2919041e-01   1.1314996e+00  -5.6959129e-01   1.8067705e+00  -6.9256503e-01  -6.7706955e-01   6.5572178e-01  -1.5391291e+00   1.0858878e-01  -1.2390836e+00
   2.0000000e+00   2.6528464e-02   1.4470280e+00  -5.1665818e-01  -1.7164502e+00   1.1362320e+00  -2.4710668e-01   1.2491370e+00  -7.3084468e-01  -8.9851445e-01   1.5015443e+00
   2.0000000e+00   9.2230908e-01  -8.1357851e-01  -5.9824059e-02   1.3168160e+00  -6.8643005e-01  -7.1748722e-01   5.5462437e-01   1.3929723e+00   2.7696141e+00   8.3799351e-01
   2.0000000e+00   1.3759483e+00  -1.2493622e+00  -4.1116741e-01   5.4923942e-01  -1.0749985e+00  -9.9942217e-01   1.3898697e+00   5.4197192e-01   1.2933581e+00   5.3283638e-01
   2.0000000e+00  -1.3248822e+00  -1.0450384e+00   8.7174413e-01  -5.7594341e-01   1.1346139e+00  -5.9798970e-01   2.9251165e-01   7.5856812e-01   9.2944354e-02   4.3110184e-01
   2.0000000e+00   7.0354027e-01   4.2858082e-01  -1.0001553e+00  -5.7388284e-01   1.2204281e+00  -7.2725071e-01   8.6920272e-01  -1.1548634e+00  -7.2047092e-01  -3.7536763e-01
   1.0000000e+00  -2.8268609e-01   1.6620645e+00  -5.8443190e-01   8.4969549e-01  -1.5419337e-01  -8.6763659e-01   1.3194192e-01  -1.0526306e+00   1.7764389e+00   1.0478231e+00
   1.0000000e+00  -3.1714290e-01   2.5623321e-01   8.3235161e-01   1.6285237e-01  -1.2179218e-01   2.3391124e-01   1.2849682e-01   3.8443846e-01  -5.9971887e-01   2.1596950e-02
   1.0000000e+00   6.0627957e-01   3.5530755e-01   4.8902929e-01   2.9459057e-01  -5.4802265e-01   1.1691146e-01   1.5616263e-01   1.9030563e+00  -6.7704348e-01  -1.8324072e+00
   2.0000000e+00  -1.7366871e+00  -4.8995359e-01  -1.2184768e+00   1.1312156e+00   1.6617282e+00  -1.4213721e+00  -1.0698463e+00   1.4852592e+00   4.7810358e-01   5.4705958e-01
   2.0000000e+00  -3.1145439e-01   1.0781244e+00  -1.5610376e-02  -5.5567665e-01   2.4960013e-01  -7.6619054e-01  -7.3872192e-02   6.5893070e-01  -4.5606931e-01   9.1605546e-01
   1.0000000e+00  -6.7353401e-01  -1.9603417e+00   1.9020342e+00   2.7129597e-01  -3.8954188e-01  -1.2660758e+00  -6.0315200e-01   7.6808409e-01  -1.8552957e+00  -1.9813715e+00
   2.0000000e+00   6.7863741e-01  -5.3508587e-01   4.8335986e-01  -3.0036711e-01   6.6683034e-01   3.9443095e-01   1.1561081e+00  -1.2126726e+00  -6.1745656e-01   1.0694921e-01
   2.0000000e+00   4.4516241e-01   1.0917018e+00  -1.6603958e+00  -4.7297489e-01  -1.2869470e+00  -1.2372816e+00  -4.4221549e-01   7.2181739e-01  -7.0388879e-01  -6.8662498e-01
   2.0000000e+00   2.8143480e-01   4.0637846e-01  -4.9869859e-01  -6.0321785e-01  -2.1726416e+00   1.1200731e+00  -1.5023575e+00  -7.4364839e-01   5.7761245e-01  -1.6515847e+00
   2.0000000e+00   2.3504978e-01  -1.0732363e+00  -5.0134061e-01  -2.0744605e-01  -3.9224108e-02  -1.7795936e-03  -6.3026240e-01  -1.2386920e+00   8.1830249e-01  -8.1785131e-01
   2.0000000e+00  -1.4097022e+00   9.2166755e-02  -1.0751179e+00  -1.0605057e-01   4.9327057e-01   5.7209272e-01   1.9463964e-01   1.8431623e+00  -1.2856384e-01  -1.3741033e+00
   2.0000000e+00  -3.4450454e-01   7.3902897e-01   1.7623985e+00  -1.3096166e-01  -1.2266364e+00   3.8219953e-01   6.8589772e-02  -1.6034272e+00   4.5326317e-01  -8.5687254e-01
   2.0000000e+00   1.2302475e-01  -2.9235243e-01  -1.2554939e+00  -4.4328459e-01   1.3087956e-01   2.1891236e-01   3.8425090e-01  -2.8422533e-01   1.0108398e+00   9.1746535e-01
   2.0000000e+00   6.5545577e-01  -5.3457065e-01  -7.5285602e-01   1.6398074e+00  -4.4504775e-01  -2.1037566e+00  -1.5805814e+00   2.0239164e-01   1.1068817e+00   1.0726848e+00
   2.0000000e+00  -1.7308826e+00  -6.0163213e-01   7.7752086e-01  -2.6495275e+00   4.1668931e-02   2.3618916e-01   1.2367781e+00   1.0967735e+00  -1.9756588e+00  -1.1161523e+00
   2.0000000e+00  -1.0733533e+00   4.8855227e-01   2.1014638e-01  -3.6166134e-01   6.9714133e-01  -6.8549721e-01  -1.2122388e+00  -9.1276214e-01   8.1137885e-01  -8.4273683e-01
   1.0000000e+00   8.9234606e-01  -1.4136017e+00  -7.7971582e-01   3.3761368e-01  -4.5341453e-01   1.2666297e-02  -1.2494965e-01  -5.5418697e-01  -1.6305094e+00  -1.8321369e+00
   1.0000000e+00  -3.2417094e-01   4.5953297e-01  -1.1524180e-01   7.1092788e-01   1.2412338e+00  -7.9829947e-01   4.5647388e-03  -3.0959623e-01   1.0241049e+00   3.1407739e-01
   1.0000000e+00   3.6288043e-02  -9.2161046e-01  -5.1182346e-02   4.7809140e-01   5.0954540e-01  -1.6835762e+00   1.7492745e+00  -1.1068284e+00  -1.1638725e+00  -1.0308999e+00
   2.0000000e+00   1.0781908e+00  -1.8517308e-01  -1.1597119e+00   2.2044050e-02  -1.0350855e+00  -1.2829855e+00  -1.5237469e-01   8.5544845e-01  -2.9886152e+00  -4.5527029e-01
   2.0000000e+00  -2.4558878e-02   9.0727351e-01  -1.6727117e+00  -9.7408044e-01  -5.7009387e-01   2.0581000e+00  -2.6275487e+00   2.5950893e-01  -4.8550045e-01  -1.1020741e-02
   2.0000000e+00  -6.7734355e-01   1.7658676e+00   1.0304038e+00  -3.5097907e-01  -1.0518814e+00  -1.6990155e+00   8.8602187e-01   2.2367344e-01   2.4749685e-02  -1.3968255e+00
   1.0000000e+00   1.8608763e-01   4.7055210e-01   1.0782243e+00   6.7156573e-01  -1.1746449e+00   9.5690614e-01  -1.9284688e-01  -2.0038929e+00  -1.1192195e+00  -4.6328773e-01
   2.0000000e+00  -1.3900269e+00   5.0182544e-01  -6.0927714e-01  -1.4652045e+00  -8.4175028e-01  -8.0132587e-01  -1.6544198e-01  -5.0765070e-01   1.4980616e+00  -7.9154064e-02
   2.0000000e+00  -1.2652212e+00   2.1650134e-01  -2.1851083e-01  -3.2129771e-01  -1.0967347e+00   8.4101552e-01   1.2420588e+00   2.0934552e+00   3.2087508e-01   1.1837106e+00
   2.0000000e+00  -1.2723778e-01  -2.4176601e-01  -1.2929700e+00  -5.4176238e-01   1.5976092e+00   2.2376293e+00  -4.7287580e-01  -1.0041081e+00  -2.2538043e-01  -4.8093301e-01
   2.0000000e+00  -6.7619094e-01  -5.4336313e-01   3.3107112e-01   1.4210349e+00  -8.1205567e-01  -2.8495646e-01   3.6218974e-01  -1.0724625e+00  -1.0523439e+00  -1.1179749e+00
   2.0000000e+00   1.2598952e+00   3.9359385e-01   1.2109317e+00  -2.0416448e+00  -2.3367241e+00  -7.2717613e-02  -1.0244170e+00  -5.6550381e-01  -8.1124567e-01   1.3600155e+00
   2.0000000e+00   1.7297944e+00   6.1754812e-01   1.5048680e+00   2.7950725e-01  -3.7408690e-01   1.3639510e+00  -1.2010667e+00   4.4181028e-01  -2.5529998e-01   4.4311161e-01
   2.0000000e+00   1.2633779e+00   9.7929525e-01  -4.1005846e-01  -7.8202584e-03  -5.4640858e-02  -1.2343895e+00  -5.3436828e-01  -9.1954437e-01  -7.7615570e-01   1.3396065e+00
   2.0000000e+00  -2.8332922e+00  -7.0338013e-01   1.1966833e+00  -2.6919503e-01   1.5196741e+00   6.2257377e-01  -5.7415253e-01  -5.7170233e-01   9.7154901e-01  -2.0061088e+00
   2.0000000e+00  -5.1847331e-01  -9.5985994e-01  -1.4911677e-01  -2.9868926e-02   5.2959518e-01   7.3847837e-01   7.2519184e-02   1.8519690e+00   1.2055697e+00  -3.5577121e-01
   1.0000000e+00  -6.5164191e-02   5.4343426e-01   2.6001893e-01   2.3647954e-01  -1.3673525e-01  -1.6559425e+00  -5.9632247e-01   1.3103001e+00   7.0983194e-01   3.4587637e-01
   2.0000000e+00   1.4695559e+00   6.2320048e-01  -3.2000346e-01  -1.2767973e-01  -1.3787730e+00   1.0274880e-03  -6.2470451e-01   4.2824648e-01  -6.5676432e-01  -2.5034234e-01
   2.0000000e+00  -6.1194971e-01  -1.8315981e-01  -4.2910568e-02  -4.4605564e-01  -4.9136571e-01   3.5710880e-01  -3.8592414e-01  -1.0328176e+00  -7.3402137e-02   9.4064743e-01
   2.0000000e+00   1.1256337e+00  -8.6546752e-01  -1.4245622e+00  -9.8199264e-01   1.3386806e+00   1.5026923e+00  -1.7502971e-02   1.6992065e-01  -2.9496882e-01  -5.8789105e-01
   2.0000000e+00  -7.7689934e-01  -1.2616261e+00   3.9124374e-01  -6.1419657e-01  -6.2356973e-01  -6.4358372e-01   1.3706166e+00   6.0981457e-01  -3.3201048e-01  -7.7274986e-01
   2.0000000e+00   8.3991048e-01   2.5556760e-01   1.4857706e+00   5.8007802e-01   1.1903511e+00   7.0353390e-01   1.0817023e+00   3.0107336e-01   7.7190378e-01  -4.8095948e-01
   2.0000000e+00  -2.4620516e-01   1.0679634e+00   1.1795335e+00   1.2062496e+00  -1.4844548e+00   3.3550719e-01   3.5073731e-01  -6.2421168e-01   8.9945091e-01   1.2682395e+00
   2.0000000e+00  -5.8121669e-01   8.6753656e-02  -1.3559388e+00  -8.6171060e-01   5.0527476e-01  -4.3474604e-01  -1.3220435e-01   1.1325029e-01   7.3924392e-01   1.3674207e+00
   2.0000000e+00   1.3686528e+00  -5.7388394e-01   7.0181249e-01  -2.0968612e-01   6.8129739e-01  -1.0533375e+00  -9.7252663e-01   2.4067526e+00  -3.7909084e-01   6.6599901e-02
   2.0000000e+00  -4.9111803e-01  -4.0423505e-01  -1.2613075e+00  -1.4811626e+00  -1.6045383e-01  -4.5050983e-01  -1.1009961e+00  -2.7454159e+00   1.6652028e+00  -9.1139976e-01
   1.0000000e+00  -1.5459754e-01   3.7014626e-01  -9.1854776e-01   6.4740286e-01  -8.7664747e-01  -2.2978850e-01  -2.1750848e+00   3.1919396e-01  -5.7866472e-01  -1.0452385e+00
   2.0000000e+00  -1.3960952e+00  -6.4282677e-01   2.3913712e-01  -1.4526543e-01  -1.9752004e-01  -1.0189368e-01   3.6002956e-01  -1.4385373e+00  -6.5775709e-01   1.6664925e+00
   2.0000000e+00  -3.3784291e-01  -1.7212382e+00   1.7581694e+00  -1.6494819e-01  -5.4021511e-01   6.0521239e-01   1.0043410e-01   4.1186373e-01   9.4770526e-01  -1.0325501e-01
   1.0000000e+00  -7.0835022e-01  -4.4610054e-01  -7.3220996e-02   1.7522781e-01  -1.1609840e+00  -6.5397970e-01   8.2332891e-01  -3.5516768e-01   2.4631427e-01   1.1120084e+00
   2.0000000e+00  -2.6703903e-02  -5.1958903e-01  -1.3752382e+00   1.0115221e+00   4.0999801e-01   1.4920891e+00  -1.0757744e-01  -5.4823749e-01   3.2151172e-01   9.5795400e-02
   2.0000000e+00  -2.2873927e-01  -1.2195701e+00   3.6863145e-02  -5.8985822e-02   1.1548041e+00  -1.6872788e+00   1.0148317e+00  -2.1740842e-01  -4.4192440e-01   6.5043304e-01
   2.0000000e+00  -1.5785048e+00  -1.0784389e+00  -1.1936158e-02  -7.4529633e-01  -5.7363381e-01  -1.9389596e-01  -1.6458166e+00  -1.5831231e+00  -1.4208414e-01  -1.2441848e+00
   2.0000000e+00   6.8243250e-01  -2.5092468e+00   1.1716509e+00  -9.5044382e-01   4.4940621e-01  -1.8429259e+00  -4.1198015e-01  -9.3137401e-01   1.9738376e+00  -1.9080887e+00
   2.0000000e+00   1.0985038e+00   6.8219193e-01   2.0823765e+00   6.0294528e-01  -2.0129226e+00  -1.2442300e+00  -6.9662126e-01  -6.0135731e-01   3.2219079e-01   2.9064867e-01
   1.0000000e+00   2.6007557e-01   1.2901478e+00   5.1849386e-01   7.3343914e-01  -1.4270757e-01  -8.0644682e-01  -1.4306265e+00  -2.0531156e+00  -1.7277268e-01   1.0932079e-01
   2.0000000e+00  -7.8813152e-01  -2.8455328e-01   1.0695872e+00   7.1661215e-01   3.7764789e-01   1.5215052e+00  -1.8584557e+00   7.8986514e-01   1.0919686e+00   7.9102978e-01
   1.0000000e+00  -3.6131145e-01  -2.2187250e+00  -4.7896969e-01   6.0058531e-01   1.4291375e+00  -2.6340633e-01  -1.9632407e+00   1.7230143e+00   7.1188288e-01   9.4313598e-02
   2.0000000e+00  -1.4511673e+00   8.8130202e-01   4.9748228e-01  -1.7009267e+00  -8.4554429e-01   9.6498432e-01  -1.1389683e+00  -3.4813733e-02   3.2727631e-01  -4.7897780e-01
